TheseusV Web File

FileVersion: 1.0
Name: S347.1104
Treatment: <no special treatment>
Comment: <no comment>
RegistProgName: Theseus V	v1.0
RegistTechName: Krink
RegistDateTime: 1997/07/25 03:36
Origin: (887, 1065)
XCal: (162, 10000)
YCal: (162, 10000)
ZCal: (1, 1)
Unit: microm

Frame:
(44, 889) (24, 708) (137, 499) (210, 245) (551, 25) (725, 0) (984, 35) (1164, 112) (1336, 106) (1502, 338) (1601, 479) (1713, 625) (1842, 773) (1826, 978) (1831, 1144) (1903, 1451) 
(1798, 1575) (1724, 1672) (1649, 1798) (1577, 1928) (1517, 2060) (1459, 2231) (1259, 2234) (1140, 2238) (1012, 2302) (900, 2272) (763, 2248) (633, 2244) (503, 2264) (400, 2093) (327, 1940) 
(275, 1820) (207, 1718) (141, 1618) (63, 1444) (0, 1327) (30, 1166) (39, 1048) (44, 889)

Hub:
(834, 1065) (834, 1059) (842, 1048) (849, 1040) (863, 1029) (876, 1025) (889, 1015) (905, 1018) (910, 1018) (922, 1030) (931, 1035) (937, 1050) (941, 1059) (939, 1070) (943, 1082) (941, 1096) 
(937, 1105) (931, 1112) (924, 1124) (919, 1133) (914, 1140) (908, 1145) (899, 1150) (896, 1152) (891, 1134) (887, 1131) (881, 1131) (872, 1128) (867, 1132) (864, 1122) (854, 1120) 
(849, 1116) (843, 1110) (842, 1110) (837, 1101) (830, 1093) (831, 1087) (830, 1077) (834, 1065)

NumRadii: 38
Radius:
(834, 1065) (821, 1063) (809, 1060) (704, 1034) (638, 1023) (557, 999) (466, 976) (383, 964) (282, 938) (172, 917) (44, 889)

Radius:
(834, 1059) (825, 1049) (810, 1044) (722, 1001) (664, 982) (567, 954) (497, 904) (412, 866) (306, 823) (207, 785) (24, 708)

Radius:
(842, 1048) (829, 1036) (814, 1026) (745, 970) (692, 931) (627, 876) (550, 810) (464, 749) (368, 673) (259, 595) (137, 499)

Radius:
(849, 1040) (837, 1022) (820, 1006) (779, 945) (726, 889) (680, 820) (609, 731) (546, 651) (471, 557) (384, 454) (210, 245)

Radius:
(863, 1029) (852, 1013) (842, 992) (821, 936) (804, 867) (768, 780) (739, 686) (706, 578) (666, 458) (630, 320) (551, 25)

Radius:
(876, 1025) (876, 1008) (872, 980) (862, 927) (851, 848) (839, 755) (824, 664) (809, 550) (791, 414) (768, 267) (725, 0)

Radius:
(889, 1015) (889, 1004) (887, 969) (898, 919) (906, 833) (909, 747) (914, 646) (931, 527) (947, 400) (957, 246) (984, 35)

Radius:
(905, 1018) (909, 1006) (919, 970) (932, 908) (953, 833) (975, 750) (1003, 654) (1037, 546) (1073, 407) (1121, 261) (1164, 112)

Radius:
(910, 1018) (922, 1013) (939, 973) (967, 910) (1000, 842) (1038, 759) (1078, 673) (1132, 581) (1182, 458) (1239, 325) (1336, 106)

Radius:
(922, 1030) (934, 1022) (965, 980) (1007, 935) (1052, 874) (1106, 801) (1162, 724) (1237, 646) (1309, 547) (1404, 454) (1502, 338)

Radius:
(931, 1035) (950, 1029) (986, 993) (1042, 952) (1093, 909) (1162, 844) (1228, 787) (1305, 725) (1397, 648) (1497, 562) (1601, 479)

Radius:
(937, 1050) (953, 1046) (1011, 1013) (1063, 982) (1127, 950) (1195, 908) (1271, 863) (1360, 820) (1469, 754) (1580, 698) (1713, 625)

Radius:
(941, 1059) (955, 1053) (1027, 1036) (1080, 1011) (1155, 993) (1223, 973) (1309, 942) (1409, 918) (1516, 879) (1629, 838) (1842, 773)

Radius:
(939, 1070) (958, 1067) (1040, 1062) (1092, 1055) (1173, 1051) (1248, 1045) (1334, 1029) (1431, 1017) (1545, 1006) (1652, 990) (1826, 978)

Radius:
(943, 1082) (955, 1084) (1040, 1093) (1105, 1095) (1178, 1103) (1254, 1109) (1333, 1114) (1428, 1125) (1533, 1133) (1651, 1139) (1831, 1144)

Radius:
(941, 1096) (956, 1098) (1042, 1129) (1105, 1140) (1176, 1176) (1243, 1190) (1314, 1215) (1408, 1251) (1512, 1284) (1620, 1330) (1903, 1451)

Radius:
(937, 1105) (950, 1115) (1037, 1162) (1098, 1195) (1167, 1225) (1226, 1255) (1308, 1299) (1390, 1346) (1494, 1399) (1583, 1446) (1798, 1575)

Radius:
(931, 1112) (945, 1125) (1033, 1181) (1089, 1228) (1153, 1275) (1212, 1314) (1289, 1371) (1367, 1431) (1459, 1483) (1552, 1549) (1724, 1672)

Radius:
(924, 1124) (938, 1133) (1025, 1211) (1079, 1266) (1132, 1318) (1197, 1374) (1262, 1440) (1332, 1506) (1409, 1567) (1497, 1653) (1649, 1798)

Radius:
(919, 1133) (930, 1141) (1013, 1234) (1064, 1302) (1112, 1359) (1169, 1430) (1225, 1501) (1291, 1570) (1359, 1656) (1427, 1741) (1577, 1928)

Radius:
(914, 1140) (923, 1149) (997, 1261) (1040, 1332) (1080, 1404) (1130, 1474) (1174, 1550) (1235, 1631) (1295, 1723) (1357, 1821) (1517, 2060)

Radius:
(908, 1145) (914, 1160) (984, 1289) (1016, 1356) (1051, 1443) (1088, 1504) (1132, 1604) (1176, 1697) (1226, 1798) (1272, 1886) (1459, 2231)

Radius:
(899, 1150) (905, 1166) (955, 1305) (985, 1389) (1012, 1469) (1040, 1562) (1073, 1650) (1110, 1750) (1141, 1845) (1176, 1947) (1259, 2234)

Radius:
(896, 1152) (900, 1169) (933, 1318) (953, 1410) (969, 1488) (990, 1585) (1013, 1676) (1035, 1783) (1063, 1876) (1077, 1986) (1140, 2238)

Radius:
(891, 1134) (895, 1171) (910, 1328) (928, 1426) (929, 1507) (938, 1601) (950, 1691) (962, 1798) (975, 1905) (992, 2022) (1012, 2302)

Radius:
(887, 1131) (888, 1173) (881, 1336) (887, 1434) (884, 1506) (882, 1601) (885, 1694) (891, 1811) (882, 1923) (886, 2020) (900, 2272)

Radius:
(881, 1131) (873, 1175) (853, 1333) (849, 1425) (835, 1507) (829, 1606) (831, 1704) (812, 1824) (805, 1918) (787, 1998) (763, 2248)

Radius:
(872, 1128) (859, 1173) (820, 1326) (806, 1414) (792, 1498) (779, 1590) (763, 1684) (743, 1807) (725, 1898) (699, 1987) (633, 2244)

Radius:
(867, 1132) (855, 1172) (816, 1323) (794, 1405) (771, 1491) (736, 1577) (703, 1669) (665, 1778) (636, 1874) (593, 1984) (503, 2264)

Radius:
(864, 1122) (841, 1169) (786, 1303) (755, 1374) (717, 1459) (671, 1533) (628, 1622) (585, 1719) (534, 1827) (496, 1916) (400, 2093)

Radius:
(854, 1120) (830, 1166) (760, 1279) (722, 1346) (677, 1421) (628, 1490) (571, 1568) (513, 1665) (453, 1749) (327, 1940)

Radius:
(849, 1116) (822, 1151) (737, 1253) (691, 1312) (640, 1379) (583, 1444) (514, 1524) (461, 1591) (392, 1674) (275, 1820)

Radius:
(843, 1110) (813, 1139) (722, 1229) (670, 1288) (616, 1336) (550, 1389) (481, 1459) (405, 1526) (331, 1600) (207, 1718)

Radius:
(842, 1110) (713, 1199) (655, 1244) (581, 1288) (514, 1338) (438, 1393) (373, 1444) (287, 1504) (141, 1618)

Radius:
(837, 1101) (809, 1115) (699, 1171) (647, 1200) (567, 1229) (489, 1265) (403, 1296) (323, 1337) (236, 1377) (63, 1444)

Radius:
(830, 1093) (809, 1102) (691, 1134) (630, 1148) (553, 1177) (462, 1195) (384, 1214) (298, 1241) (207, 1272) (0, 1327)

Radius:
(831, 1087) (804, 1086) (685, 1096) (633, 1106) (550, 1117) (461, 1125) (370, 1139) (283, 1145) (176, 1163) (30, 1166)

Radius:
(830, 1077) (818, 1073) (805, 1073) (691, 1068) (636, 1063) (552, 1058) (461, 1051) (367, 1049) (268, 1046) (166, 1050) (39, 1048)

AuxSpiral:
(818, 1073) (821, 1063) (825, 1049) (829, 1036) (837, 1022) (852, 1013) (876, 1008) (889, 1004) (909, 1006) (922, 1013) (934, 1022) (950, 1029) (953, 1046) (955, 1053) (958, 1067) (955, 1084) 
(956, 1098) (950, 1115) (945, 1125) (938, 1133) (930, 1141) (923, 1149) (914, 1160) (905, 1166) (900, 1169) (895, 1171) (888, 1173) (873, 1175) (859, 1173) (855, 1172) (841, 1169) 
(830, 1166) (822, 1151) (813, 1139) (809, 1115) (809, 1102) (804, 1086) (805, 1073) (809, 1060) (810, 1044) (814, 1026) (820, 1006) (842, 992) (872, 980) (887, 969) (919, 970) 
(939, 973) (965, 980) (986, 993) (1011, 1013) (1027, 1036) (1040, 1062) (1040, 1093) (1042, 1129) (1037, 1162) (1033, 1181) (1025, 1211) (1013, 1234) (997, 1261) (984, 1289) (955, 1305) 
(933, 1318) (910, 1328) (881, 1336) (853, 1333) (820, 1326) (816, 1323) (786, 1303) (760, 1279) (737, 1253) (722, 1229) (713, 1199) (699, 1171) (691, 1134) (685, 1096) (691, 1068) (704, 1034) 
(722, 1001) (745, 970) (779, 945) (821, 936) (862, 927) (898, 919) (932, 908) (967, 910) (1007, 935) (1042, 952) (1063, 982) (1080, 1011) (1092, 1055) (1105, 1095) (1105, 1140) 
(1098, 1195) (1089, 1228) (1079, 1266) (1064, 1302) (1040, 1332) (1016, 1356) (985, 1389) (953, 1410) (928, 1426) (887, 1434) (849, 1425) (806, 1414) (794, 1405) (755, 1374) (722, 1346) 
(691, 1312) (670, 1288) (655, 1244) (647, 1200) (630, 1148) (633, 1106) (636, 1063) (638, 1023) (664, 982) (692, 931) (726, 889) (804, 867) (851, 848) (906, 833) (953, 833) 
(1000, 842) (1052, 874) (1093, 909) (1127, 950) (1155, 993) (1173, 1051) (1178, 1103) (1176, 1176) (1167, 1225) (1153, 1275) (1132, 1318) (1112, 1359) (1080, 1404) (1051, 1443) (1012, 1469) 
(969, 1488) (929, 1507) (884, 1506) (835, 1507) (792, 1498) (771, 1491) (717, 1459) (677, 1421) (640, 1379) (616, 1336) (581, 1288) (567, 1229) (553, 1177) (550, 1117) (552, 1058) 
(557, 999) (567, 954) (627, 876) (680, 820) (768, 780) (839, 755) (909, 747) (975, 750) (1038, 759) (1106, 801) (1162, 844) (1195, 908) (1223, 973) (1248, 1045) (1254, 1109) 
(1243, 1190) (1226, 1255) (1212, 1314) (1197, 1374) (1169, 1430) (1130, 1474) (1088, 1504) (1040, 1562) (990, 1585) (938, 1601) (882, 1601) (829, 1606) (779, 1590) (736, 1577) (671, 1533) 
(628, 1490) (583, 1444) (550, 1389) (514, 1338) (489, 1265) (462, 1195) (461, 1125) (461, 1051) (466, 976) (497, 904) (550, 810) (609, 731) (739, 686) (824, 664) (914, 646) 
(1003, 654) (1078, 673) (1162, 724) (1228, 787) (1271, 863) (1309, 942) (1334, 1029) (1333, 1114) (1314, 1215) (1308, 1299) (1289, 1371) (1262, 1440) (1225, 1501) (1174, 1550) (1132, 1604) 
(1073, 1650) (1013, 1676) (950, 1691) (885, 1694) (831, 1704) (763, 1684) (703, 1669) (628, 1622) (571, 1568) (514, 1524) (481, 1459) (438, 1393) (403, 1296) (384, 1214) (370, 1139) 
(367, 1049) (383, 964) (412, 866) (464, 749) (546, 651) (706, 578) (809, 550) (931, 527) (1037, 546) (1132, 581) (1237, 646) (1305, 725) (1360, 820) (1409, 918) (1431, 1017) 
(1428, 1125) (1408, 1251) (1390, 1346) (1367, 1431) (1332, 1506) (1291, 1570) (1235, 1631) (1176, 1697) (1110, 1750) (1035, 1783) (962, 1798) (891, 1811) (812, 1824) (743, 1807) (665, 1778) 
(585, 1719) (513, 1665) (461, 1591) (405, 1526) (373, 1444) (323, 1337) (298, 1241) (283, 1145) (268, 1046) (282, 938) (306, 823) (368, 673) (471, 557) (666, 458) (791, 414) 
(947, 400) (1073, 407) (1182, 458) (1309, 547) (1397, 648) (1469, 754) (1516, 879) (1545, 1006) (1533, 1133) (1512, 1284) (1494, 1399) (1459, 1483) (1409, 1567) (1359, 1656) (1295, 1723) 
(1226, 1798) (1141, 1845) (1063, 1876) (975, 1905) (882, 1923) (805, 1918) (725, 1898) (636, 1874) (534, 1827) (453, 1749) (392, 1674) (331, 1600) (287, 1504) (236, 1377) (207, 1272) 
(176, 1163) (166, 1050) (172, 917) (207, 785) (259, 595) (384, 454) (630, 320) (768, 267) (957, 246) (1121, 261) (1239, 325) (1404, 454) (1497, 562) (1580, 698) (1629, 838) 
(1652, 990) (1651, 1139) (1620, 1330) (1583, 1446) (1552, 1549) (1497, 1653) (1427, 1741) (1357, 1821) (1272, 1886) (1176, 1947) (1077, 1986) (992, 2022) (886, 2020) (787, 1998) (699, 1987) 
(593, 1984) (496, 1916)

CapSpiral:
(443, 2015) (553, 2095) (668, 2136) (777, 2161) (887, 2186) (1004, 2186) (1121, 2182) (1230, 2142) (1351, 2029) (1445, 1958) (1545, 1873) (1611, 1765) (1668, 1631) (1733, 1530) (1776, 1389) (1812, 1138) 
(1818, 978) (1799, 782) (1696, 630) (1578, 493) (1487, 347) (1310, 165) (1157, 129) (979, 71) (743, 70) (571, 126) (276, 326) (160, 515) (73, 730) (68, 894) (68, 1044) 
(68, 1304) (97, 1430) (169, 1590) (227, 1698) (288, 1791) (354, 1891) (452, 1986) (556, 2067) (677, 2107) (779, 2132) (890, 2154) (1002, 2159) (1115, 2139) (1224, 2103) (1334, 2009) 
(1431, 1938) (1516, 1855) (1581, 1744) (1654, 1619) (1703, 1510) (1742, 1379) (1785, 1145) (1787, 980) (1764, 800) (1671, 653) (1558, 508) (1463, 376) (1301, 206) (1153, 161) (974, 117) 
(748, 132) (597, 188) (308, 357) (193, 537) (116, 739) (101, 900) (97, 1044) (104, 1295) (129, 1418) (190, 1580) (249, 1679) (302, 1773) (370, 1873) (470, 1962) (575, 2033) 
(682, 2084) (782, 2111) (886, 2119) (997, 2126) (1113, 2111) (1214, 2070) (1326, 1978) (1416, 1911) (1489, 1831) (1568, 1717) (1637, 1592) (1679, 1498) (1715, 1356) (1750, 1149) (1750, 989) 
(1727, 818) (1647, 667) (1689, 824) (1722, 984) (1720, 1140) (1689, 1351) (1656, 1481) (1611, 1585) (1554, 1709) (1479, 1798) (1400, 1888) (1310, 1963) (1209, 2037) (1111, 2078) (995, 2097) 
(892, 2093) (786, 2088) (693, 2057) (580, 2019) (480, 1954) (585, 1994) (696, 2027) (788, 2056) (895, 2067) (993, 2070) (1096, 2056) (1196, 2005) (1300, 1939) (1385, 1865) (1458, 1789) 
(1533, 1691) (1590, 1572) (1625, 1476) (1660, 1343) (1695, 1145) (1696, 990) (1665, 841) (1635, 678) (1534, 538) (1446, 414) (1277, 241) (1141, 195) (975, 167) (758, 178) (608, 237) 
(332, 394) (226, 556) (141, 749) (118, 905) (118, 1041) (130, 1158) (130, 1288) (157, 1406) (216, 1557) (264, 1667) (323, 1752) (391, 1853) (482, 1933) (597, 1966) (698, 1996) 
(790, 2023) (890, 2041) (989, 2039) (1087, 2014) (1187, 1972) (1287, 1906) (1370, 1838) (1436, 1774) (1508, 1671) (1567, 1558) (1600, 1463) (1632, 1336) (1666, 1143) (1666, 997) (1644, 838) 
(1599, 688) (1505, 559) (1416, 438) (1259, 287) (1130, 232) (967, 208) (760, 221) (618, 277) (354, 418) (243, 583) (162, 759) (125, 908) (152, 1046) (153, 1158) (155, 1277) 
(182, 1397) (241, 1544) (287, 1643) (341, 1728) (409, 1825) (504, 1900) (603, 1938) (713, 1981) (796, 1995) (890, 2012) (988, 2005) (1083, 1994) (1177, 1953) (1273, 1882) (1355, 1824) 
(1422, 1744) (1488, 1648) (1548, 1549) (1581, 1450) (1607, 1324) (1644, 1138) (1642, 997) (1611, 852) (1576, 705) (1486, 579) (1395, 468) (1248, 334) (1122, 272) (965, 250) (772, 255) 
(631, 300) (386, 447) (259, 588) (189, 778) (156, 918) (179, 1053) (180, 1162) (182, 1271) (203, 1389) (264, 1526) (307, 1623) (369, 1711) (430, 1796) (514, 1873) (621, 1915) 
(717, 1958) (804, 1971) (892, 1989) (992, 1982) (1084, 1970) (1169, 1932) (1261, 1864) (1339, 1801) (1403, 1718) (1472, 1622) (1525, 1531) (1557, 1439) (1574, 1308) (1609, 1140) (1614, 997) 
(1583, 855) (1540, 719) (1465, 589) (1378, 485) (1230, 350) (1115, 300) (957, 279) (781, 288) (637, 344) (400, 470) (279, 609) (210, 781) (176, 919) (190, 1040) (196, 1156) 
(199, 1270) (227, 1379) (276, 1506) (318, 1606) (379, 1695) (435, 1774) (527, 1851) (624, 1892) (717, 1928) (806, 1943) (886, 1958) (980, 1948) (1068, 1932) (1152, 1891) (1254, 1836) 
(1326, 1774) (1388, 1702) (1451, 1610) (1501, 1519) (1535, 1425) (1554, 1305) (1582, 1139) (1585, 1007) (1557, 868) (1516, 735) (1437, 614) (1351, 515) (1219, 391) (1099, 335) (948, 316) 
(790, 372) (649, 382) (417, 496) (302, 622) (240, 790) (205, 917) (214, 1042) (219, 1156) (226, 1260) (249, 1364) (294, 1496) (340, 1590) (390, 1675) (449, 1759) (537, 1826) 
(641, 1867) (724, 1901) (809, 1923) (890, 1924) (978, 1923) (1073, 1904) (1152, 1868) (1242, 1818) (1304, 1750) (1369, 1676) (1399, 1613) (1479, 1505) (1515, 1417) (1536, 1295) (1560, 1135) 
(1566, 1008) (1533, 871) (1488, 748) (1413, 637) (1336, 540) (1209, 416) (1089, 373) (951, 349) (788, 395) (655, 414) (438, 515) (329, 635) (264, 800) (237, 932) (227, 1036) 
(237, 1145) (247, 1256) (270, 1352) (313, 1479) (356, 1580) (409, 1657) (459, 1735) (551, 1804) (649, 1850) (737, 1881) (812, 1885) (890, 1907) (971, 1897) (1061, 1879) (1143, 1846) 
(1225, 1794) (1296, 1723) (1360, 1655) (1417, 1582) (1461, 1491) (1491, 1404) (1515, 1289) (1535, 1136) (1540, 1016) (1512, 882) (1464, 772) (1403, 651) (1317, 545) (1193, 449) (1073, 411) 
(950, 394) (796, 423) (674, 444) (458, 534) (355, 653) (294, 811) (269, 935) (259, 1041) (265, 1148) (274, 1250) (298, 1349) (330, 1462) (374, 1558) (425, 1636) (483, 1708) 
(562, 1774) (652, 1821) (740, 1853) (818, 1868) (887, 1879) (975, 1867) (1063, 1855) (1134, 1822) (1215, 1765) (1286, 1702) (1343, 1642) (1400, 1559) (1441, 1470) (1468, 1389) (1492, 1283) 
(1513, 1135) (1512, 1013) (1487, 895) (1444, 775) (1388, 679) (1304, 573) (1186, 480) (1073, 433) (939, 424) (793, 458) (677, 481) (473, 557) (377, 674) (317, 825) (293, 938) 
(282, 1044) (290, 1145) (299, 1243) (312, 1343) (358, 1459) (397, 1545) (443, 1614) (501, 1691) (571, 1758) (661, 1798) (739, 1836) (818, 1849) (898, 1859) (964, 1848) (1047, 1831) 
(1120, 1798) (1207, 1745) (1273, 1680) (1323, 1615) (1385, 1539) (1423, 1460) (1445, 1377) (1466, 1270) (1488, 1135) (1488, 1016) (1455, 909) (1421, 791) (1362, 696) (1286, 592) (1163, 507) 
(1066, 452) (932, 447) (802, 485) (677, 505) (491, 581) (388, 691) (339, 839) (312, 946) (297, 1048) (302, 1144) (311, 1236) (330, 1332) (372, 1441) (409, 1523) (454, 1600) 
(509, 1672) (584, 1731) (665, 1782) (745, 1810) (814, 1824) (885, 1831) (964, 1827) (1040, 1801) (1111, 1774) (1178, 1727) (1247, 1672) (1309, 1603) (1364, 1531) (1394, 1450) (1426, 1369) 
(1441, 1262) (1468, 1133) (1459, 1018) (1433, 908) (1393, 800) (1336, 705) (1266, 611) (1149, 536) (1052, 490) (938, 480) (801, 512) (689, 528) (510, 602) (415, 708) (367, 843) 
(330, 952) (317, 1044) (321, 1140) (331, 1232) (351, 1328) (391, 1434) (425, 1519) (468, 1585) (524, 1656) (598, 1714) (671, 1758) (753, 1789) (807, 1802) (884, 1801) (958, 1796) 
(1033, 1778) (1107, 1750) (1171, 1694) (1238, 1642) (1298, 1590) (1346, 1511) (1385, 1435) (1403, 1352) (1427, 1252) (1441, 1129) (1442, 1017) (1414, 919) (1378, 805) (1320, 720) (1248, 635) 
(1144, 552) (1045, 515) (932, 508) (809, 532) (697, 551) (524, 627) (435, 725) (381, 856) (345, 957) (341, 1049) (337, 1135) (349, 1229) (368, 1328) (405, 1423) (439, 1501) 
(487, 1570) (534, 1633) (608, 1695) (679, 1737) (750, 1766) (812, 1785) (884, 1791) (957, 1779) (1025, 1760) (1101, 1727) (1163, 1679) (1229, 1620) (1284, 1573) (1322, 1496) (1364, 1430) 
(1388, 1346) (1403, 1252) (1428, 1129) (1419, 1023) (1398, 926) (1352, 825) (1303, 735) (1226, 658) (1131, 579) (1032, 547) (928, 534) (811, 566) (704, 584) (541, 650) (457, 745) 
(401, 865) (370, 962) (359, 1053) (363, 1134) (372, 1223) (391, 1312) (428, 1408) (461, 1481) (501, 1549) (550, 1608) (617, 1669) (688, 1709) (759, 1737) (814, 1752) (885, 1760) 
(951, 1752) (1022, 1736) (1088, 1705) (1157, 1662) (1211, 1606) (1271, 1554) (1308, 1484) (1342, 1411) (1367, 1337) (1383, 1238) (1404, 1128) (1395, 1034) (1370, 931) (1332, 835) (1285, 755) 
(1210, 682) (1119, 604) (1032, 574) (927, 569) (816, 594) (713, 607) (558, 665) (480, 759) (423, 876) (392, 969) (379, 1056) (378, 1130) (390, 1216) (409, 1307) (440, 1394) 
(478, 1472) (511, 1539) (565, 1594) (630, 1644) (699, 1693) (762, 1719) (818, 1731) (887, 1740) (948, 1730) (1022, 1712) (1078, 1684) (1141, 1642) (1196, 1589) (1256, 1538) (1294, 1469) 
(1327, 1406) (1351, 1330) (1367, 1237) (1385, 1124) (1374, 1029) (1346, 937) (1308, 846) (1266, 768) (1197, 698) (1110, 625) (1025, 587) (928, 587) (820, 608) (720, 626) (575, 683) 
(505, 766) (440, 867) (412, 970) (400, 1044) (398, 1128) (409, 1209) (425, 1289) (456, 1380) (491, 1448) (525, 1516) (571, 1572) (637, 1620) (707, 1674) (768, 1694) (824, 1704) 
(887, 1713) (952, 1712) (1019, 1686) (1078, 1658) (1136, 1618) (1191, 1564) (1242, 1517) (1286, 1454) (1312, 1387) (1336, 1310) (1352, 1224) (1362, 1117) (1355, 1026) (1328, 938) (1296, 856) 
(1252, 781) (1188, 715) (1101, 649) (1016, 625) (928, 618) (825, 635) (734, 656) (595, 703) (519, 790) (461, 882) (430, 975) (420, 1051) (416, 1134) (424, 1211) (443, 1291) 
(473, 1366) (504, 1448) (539, 1502) (585, 1557) (641, 1610) (712, 1653) (773, 1672) (825, 1684) (889, 1684) (952, 1684) (1016, 1666) (1073, 1637) (1129, 1595) (1186, 1547) (1225, 1501) 
(1270, 1441) (1298, 1371) (1315, 1303) (1331, 1222) (1341, 1120) (1334, 1035) (1315, 942) (1279, 871) (1232, 792) (1172, 728) (1088, 668) (1017, 642) (922, 641) (825, 658) (735, 672) 
(604, 717) (542, 802) (480, 900) (452, 978) (448, 1049) (444, 1122) (448, 1201) (461, 1277) (487, 1351) (522, 1422) (553, 1481) (595, 1537) (654, 1587) (722, 1636) (767, 1648) 
(815, 1669) (882, 1672) (941, 1664) (1004, 1648) (1054, 1618) (1112, 1582) (1163, 1535) (1209, 1488) (1244, 1429) (1276, 1356) (1294, 1295) (1309, 1218) (1323, 1120) (1310, 1034) (1295, 952) 
(1257, 874) (1207, 804) (1150, 748) (1073, 692) (995, 670) (915, 668) (825, 681) (739, 700) (609, 741) (557, 822) (503, 909) (470, 984) (462, 1054) (461, 1128) (462, 1194) 
(486, 1267) (510, 1345) (536, 1412) (567, 1467) (608, 1523) (663, 1571) (731, 1604) (774, 1622) (826, 1641) (884, 1646) (939, 1638) (999, 1623) (1050, 1594) (1103, 1563) (1149, 1517) 
(1196, 1476) (1230, 1413) (1256, 1354) (1279, 1288) (1289, 1222) (1299, 1122) (1294, 1039) (1276, 966) (1238, 894) (1196, 820) (1145, 775) (1064, 711) (997, 692) (911, 688) (828, 703) 
(750, 717) (633, 757) (572, 841) (518, 913) (491, 985) (477, 1059) (475, 1128) (478, 1197) (495, 1262) (518, 1341) (543, 1403) (576, 1457) (618, 1506) (669, 1552) (743, 1592) 
(782, 1610) (829, 1628) (887, 1625) (943, 1617) (994, 1601) (1052, 1581) (1097, 1543) (1141, 1496) (1187, 1449) (1215, 1404) (1244, 1335) (1258, 1265) (1267, 1204) (1282, 1117) (1268, 1035) 
(1252, 960) (1218, 891) (1186, 827) (1129, 781) (1058, 721) (983, 708) (910, 706) (829, 716) (751, 735) (645, 772) (581, 846) (536, 918) (513, 984) (490, 1053) (489, 1128) 
(497, 1183) (508, 1255) (529, 1326) (553, 1396) (581, 1441) (626, 1495) (674, 1537) (740, 1570) (784, 1586) (829, 1603) (882, 1597) (937, 1594) (986, 1581) (1037, 1554) (1093, 1519) 
(1131, 1479) (1172, 1430) (1205, 1377) (1220, 1321) (1240, 1269) (1249, 1199) (1270, 1111) (1259, 1041) (1238, 971) (1210, 902) (1164, 842) (1116, 790) (1047, 741) (979, 722) (906, 721) 
(834, 730) (757, 749) (656, 787) (598, 855) (552, 928) (524, 989) (506, 1056) (511, 1114) (511, 1182) (520, 1247) (546, 1318) (570, 1375) (597, 1429) (628, 1482) (683, 1517) 
(749, 1549) (784, 1570) (830, 1585) (887, 1584) (936, 1577) (989, 1557) (1035, 1529) (1082, 1505) (1124, 1465) (1163, 1418) (1188, 1370) (1206, 1310) (1226, 1255) (1239, 1192) (1251, 1109) 
(1238, 1036) (1216, 970) (1185, 910) (1150, 849) (1103, 811) (1040, 762) (974, 747) (913, 740) (834, 749) (767, 771) (677, 802) (617, 866) (567, 943) (542, 998) (532, 1056) 
(532, 1112) (532, 1172) (543, 1236) (557, 1303) (580, 1368) (612, 1415) (645, 1462) (693, 1497) (748, 1533) (786, 1549) (826, 1562) (885, 1562) (931, 1552) (981, 1539) (1026, 1507) 
(1075, 1478) (1112, 1446) (1152, 1406) (1177, 1357) (1190, 1303) (1204, 1248) (1219, 1190) (1229, 1107) (1219, 1041) (1200, 970) (1174, 914) (1140, 861) (1088, 824) (1037, 781) (969, 759) 
(911, 754) (838, 769) (771, 788) (685, 825) (626, 885) (586, 945) (557, 998) (548, 1053) (542, 1116) (548, 1168) (555, 1236) (574, 1294) (598, 1355) (617, 1402) (654, 1449) 
(697, 1484) (760, 1517) (788, 1531) (833, 1547) (886, 1547) (932, 1534) (975, 1521) (1023, 1500) (1063, 1467) (1105, 1432) (1138, 1389) (1159, 1340) (1183, 1293) (1196, 1242) (1200, 1177) 
(1210, 1106) (1201, 1042) (1185, 983) (1164, 926) (1124, 877) (1075, 843) (1032, 800) (970, 778) (908, 777) (839, 785) (781, 800) (689, 833) (646, 886) (604, 946) (569, 1003) 
(565, 1060) (552, 1117) (556, 1176) (565, 1229) (586, 1285) (608, 1347) (633, 1390) (661, 1441) (710, 1470) (764, 1500) (787, 1515) (833, 1524) (882, 1526) (923, 1521) (972, 1501) 
(1013, 1483) (1054, 1457) (1093, 1416) (1126, 1374) (1148, 1330) (1164, 1284) (1179, 1236) (1185, 1181) (1192, 1103) (1185, 1046) (1172, 994) (1144, 932) (1113, 890) (1069, 857) (1022, 800) 
(966, 787) (911, 794) (844, 802) (791, 819) (706, 844) (657, 902) (619, 947) (595, 1004) (581, 1055) (575, 1115) (571, 1167) (581, 1219) (599, 1277) (617, 1336) (645, 1377) 
(677, 1411) (715, 1450) (778, 1473) (801, 1491) (842, 1497) (882, 1506) (932, 1501) (970, 1483) (1014, 1462) (1050, 1440) (1079, 1402) (1113, 1357) (1135, 1310) (1153, 1267) (1162, 1215) 
(1174, 1166) (1178, 1105) (1174, 1049) (1155, 995) (1130, 947) (1105, 895) (1061, 867) (1016, 830) (958, 816) (908, 813) (847, 829) (795, 842) (718, 865) (665, 908) (636, 964) 
(609, 1013) (593, 1056) (586, 1110) (585, 1162) (594, 1209) (616, 1270) (631, 1321) (655, 1359) (685, 1399) (726, 1431) (776, 1453) (797, 1469) (843, 1477) (882, 1488) (931, 1473) 
(962, 1463) (1007, 1443) (1040, 1420) (1070, 1387) (1099, 1340) (1126, 1302) (1140, 1260) (1149, 1216) (1157, 1167) (1160, 1103) (1150, 1046) (1139, 1004) (1121, 952) (1091, 912) (1056, 874) 
(999, 838) (953, 832) (905, 829) (852, 844) (801, 853) (722, 876) (682, 921) (655, 964) (628, 1015) (616, 1064) (613, 1106) (612, 1153) (616, 1197) (630, 1261) (646, 1296) 
(669, 1336) (696, 1382) (734, 1412) (787, 1443) (798, 1449) (842, 1463) (884, 1467) (922, 1451) (957, 1440) (998, 1426) (1031, 1401) (1060, 1365) (1085, 1335) (1108, 1294) (1125, 1255) 
(1134, 1209) (1144, 1163) (1143, 1098) (1129, 1048) (1130, 1006) (1105, 957) (1075, 919) (1042, 884) (998, 856) (945, 848) (898, 848) (853, 862) (796, 868) (734, 891) (693, 929) 
(665, 974) (641, 1020) (633, 1062) (628, 1102) (630, 1153) (627, 1196) (646, 1247) (660, 1294) (682, 1326) (704, 1360) (744, 1401) (790, 1422) (802, 1436) (840, 1450) (878, 1450) 
(917, 1441) (952, 1432) (986, 1415) (1019, 1382) (1055, 1351) (1077, 1317) (1097, 1274) (1111, 1244) (1121, 1206) (1126, 1157) (1134, 1102) (1120, 1049) (1110, 1004) (1089, 969) (1064, 927) 
(1025, 903) (989, 875) (943, 862) (901, 867) (853, 875) (806, 886) (748, 902) (710, 940) (680, 979) (656, 1021) (647, 1059) (644, 1102) (644, 1143) (645, 1191) (656, 1243) 
(677, 1281) (694, 1314) (715, 1347) (754, 1379) (791, 1411) (807, 1425) (844, 1425) (890, 1427) (918, 1423) (953, 1410) (989, 1387) (1016, 1368) (1044, 1335) (1068, 1307) (1091, 1275) 
(1097, 1233) (1107, 1189) (1111, 1150) (1117, 1097) (1108, 1051) (1096, 1011) (1075, 970) (1052, 937) (1025, 910) (981, 890) (943, 879) (899, 881) (854, 893) (820, 899) (759, 919) 
(720, 950) (698, 987) (669, 1026) (669, 1060) (666, 1106) (661, 1144) (664, 1187) (673, 1229) (687, 1267) (702, 1298) (729, 1331) (759, 1363) (802, 1387) (807, 1396) (842, 1415) 
(885, 1413) (915, 1404) (950, 1390) (974, 1374) (997, 1354) (1035, 1313) (1054, 1291) (1069, 1260) (1083, 1220) (1088, 1186) (1093, 1148) (1093, 1101) (1085, 1051) (1079, 1018) (1063, 983) 
(1041, 955) (1005, 928) (966, 905) (937, 894) (900, 900) (852, 909) (815, 917) (773, 932) (737, 966) (717, 1001) (691, 1029) (682, 1065) (679, 1102) (679, 1140) (680, 1176) 
(693, 1214) (703, 1252) (717, 1276) (739, 1312) (772, 1333) (812, 1359) (848, 1384) (882, 1389) (917, 1382) (943, 1368) (966, 1349) (1003, 1326) (1022, 1302) (1049, 1276) (1063, 1244) 
(1072, 1209) (1073, 1182) (1080, 1142) (1079, 1100) (1074, 1060) (1068, 1022) (1042, 990) (1025, 960) (1000, 943) (962, 924) (928, 917) (892, 921) (862, 931) (824, 937) (786, 951) 
(762, 980) (718, 1031) (704, 1065) (697, 1100) (704, 1133) (692, 1171) (710, 1203) (716, 1234) (732, 1261) (751, 1294) (777, 1314) (816, 1338) (856, 1356) (882, 1361) (911, 1354) 
(936, 1338) (964, 1323) (986, 1308) (1014, 1285) (1032, 1257) (1040, 1225) (1052, 1194) (1059, 1143) (1061, 1092) (1056, 1054) (1046, 1034) (1026, 1003) (1000, 979) (981, 959) (946, 945) 
(927, 943) (900, 947) (867, 956)


End of Web File
